50 20
7.57531e+11 17 48 43 23 68 59 64 74 8 30 20 72 5 15 3 16 75 36 34 62
1.00043e+13 69 15 84 55 71 49 17 99 80 56 4 93 18 6 8 37 63 28 95 82
4.95515e+09 66 22 61 72 2 88 98 26 50 74 47 6 24 30 60 37 99 85 71 84
2.69495e+12 31 83 80 42 12 55 21 52 45 94 16 81 72 11 54 56 36 86 34 22
9.86671e+09 59 76 99 80 5 14 4 77 26 52 48 35 11 55 6 84 37 10 31 18
4.39288e+11 67 44 81 23 19 1 15 35 90 41 18 91 71 27 83 50 54 62 14 70
7.59779e+11 28 72 88 48 61 76 17 45 75 91 56 11 5 29 32 58 87 34 10 36
2.62885e+11 37 76 17 34 57 44 75 36 46 59 15 2 10 4 62 11 56 30 70 67
4.49974e+09 71 49 2 37 17 61 35 66 64 99 76 7 80 25 81 44 94 26 84 19
4.36630e+10 38 73 44 22 68 57 84 8 61 2 76 81 93 33 54 88 10 13 18 55
1.37799e+13 57 84 44 9 90 53 49 82 85 23 24 74 50 14 4 78 20 25 22 64
3.45758e+12 44 30 31 74 55 4 76 16 61 90 22 33 82 3 7 26 49 17 20 96
8.07240e+12 57 37 53 93 54 46 98 81 97 73 3 74 21 52 47 19 75 78 15 18
8.38995e+12 60 88 97 44 84 72 82 66 28 85 15 21 77 23 38 87 25 43 14 75
1.01362e+10 22 27 46 59 36 86 26 39 57 12 3 25 17 73 68 61 19 93 44 20
9.32053e+08 62 42 49 98 4 46 48 10 97 2 61 99 22 78 94 63 55 82 81 17
1.09418e+12 65 71 73 9 86 75 32 49 84 56 64 12 23 36 16 87 54 18 69 40
1.40833e+11 74 23 33 99 62 8 37 60 96 25 93 31 2 48 34 1 90 83 38 51
3.13158e+10 60 64 40 26 24 15 55 13 32 39 62 30 31 52 43 57 73 21 14 76
1.34865e+10 23 11 60 47 45 48 39 78 73 8 69 25 18 91 2 49 36 94 98 9
1.07769e+13 58 69 70 34 54 35 88 56 47 76 79 52 71 22 10 18 25 81 65 14
6.04430e+10 57 42 93 4 91 41 20 52 43 3 64 85 37 67 88 54 7 62 28 76
1.44262e+10 79 8 93 29 15 67 18 9 44 96 55 84 23 43 27 41 76 59 58 72
1.79994e+09 68 25 11 50 63 96 7 39 21 46 54 44 14 92 16 43 36 85 1 73
8.13710e+10 13 50 40 26 36 96 39 68 34 6 55 93 73 44 45 84 21 97 32 52
1.54109e+11 80 70 49 11 17 31 94 87 3 83 74 95 37 73 99 62 2 13 46 21
5.79798e+11 5 18 92 14 76 96 57 87 32 74 49 17 30 43 65 21 84 4 80 91
1.52451e+09 44 93 11 74 32 25 90 19 3 8 94 99 57 81 51 52 53 10 82 67
2.93916e+09 92 25 2 8 16 18 76 34 55 83 47 13 52 36 74 6 87 54 28 53
7.88207e+07 79 43 99 62 4 37 56 77 1 10 60 5 89 46 35 11 33 75 25 39
1.46803e+10 80 97 20 76 59 13 15 57 22 23 39 29 18 94 88 82 28 12 46 19
1.80330e+13 81 31 84 97 72 69 82 96 62 76 89 35 40 13 51 48 43 32 14 25
4.60722e+10 15 24 28 27 17 11 5 73 94 88 20 57 36 41 76 71 92 4 46 35
6.63325e+10 80 82 56 29 14 38 33 22 66 31 8 51 41 73 97 81 34 86 75 2
5.79433e+14 78 99 81 53 86 93 48 64 43 66 44 97 67 1 22 76 16 23 94 70
2.01095e+11 29 51 58 41 60 76 47 5 24 73 33 53 34 19 10 77 30 97 16 36
3.97690e+10 84 3 88 21 59 9 61 35 22 93 54 33 25 52 29 15 86 55 27 41
1.52960e+12 70 51 66 93 37 45 63 78 52 35 50 48 49 34 67 54 81 98 64 8
1.42426e+10 82 40 21 78 80 44 42 9 30 10 98 70 13 34 55 33 91 89 2 26
2.82043e+12 92 54 59 61 45 39 70 66 5 62 73 42 41 3 52 89 27 37 51 21
1.17036e+09 21 23 74 62 97 60 3 4 42 13 84 55 41 49 58 50 52 65 98 38
3.65324e+10 45 26 27 88 30 52 86 35 31 79 41 22 81 82 71 7 57 73 13 76
4.58883e+11 74 10 55 87 78 68 29 99 62 57 82 95 52 76 34 59 35 73 13 79
7.01838e+09 82 24 39 19 89 48 81 42 12 80 85 1 94 38 28 86 77 91 14 64
3.46414e+10 78 60 99 93 1 23 13 66 48 87 77 28 47 17 81 79 80 75 32 39
3.58461e+09 82 15 18 46 66 67 11 7 64 40 87 60 35 49 41 13 85 70 31 45
9.11210e+11 65 53 95 15 86 80 52 91 49 81 26 10 50 89 97 42 28 35 74 87
-3.21544e+09 8 51 1 99 38 89 75 22 9 78 72 80 59 50 85 43 21 14 45 33
6.58026e+08 12 49 53 19 16 26 4 93 60 5 28 9 7 63 40 81 73 56 67 32
1.89591e+08 13 26 76 56 1 83 75 7 88 21 52 8 42 82 98 43 57 23 65 17
