20 20
2.82981e+08 291 761 334 60 263 982 839 836 56 192 426 757 961 962 784 652 721 680 450 864
1.53716e+09 718 376 633 501 464 945 553 638 426 29 674 231 652 906 410 681 61 164 507 538
1.39778e+08 926 441 763 83 782 173 564 502 677 93 159 559 662 172 708 678 718 672 104 224
1.01934e+08 533 322 348 171 355 333 535 674 272 15 303 813 578 737 411 574 665 308 984 864
1.48267e+09 756 958 715 346 89 871 865 255 23 841 311 778 387 360 315 410 368 905 487 939
7.92425e+08 331 638 217 456 799 363 730 52 269 871 351 604 623 705 580 408 531 784 666 350
1.51224e+09 908 162 1 402 684 150 722 317 954 481 630 102 294 485 499 692 747 327 378 732
5.51971e+08 350 441 873 374 606 446 837 865 926 624 362 528 634 97 18 854 58 862 587 725
2.33812e+08 465 175 488 634 784 643 945 471 286 30 61 888 704 978 347 112 225 877 875 135
9.70073e+08 116 898 7 347 865 22 775 590 441 640 109 502 54 6 985 905 998 408 761 854
8.16196e+09 223 960 288 162 843 567 191 624 459 559 949 8 938 850 250 781 610 524 772 982
2.00687e+08 443 561 992 211 549 427 252 599 734 570 140 200 569 908 197 504 51 974 686 523
1.55705e+09 695 384 582 860 753 138 929 108 269 641 700 878 322 869 955 368 899 393 301 229
4.36063e+06 54 43 18 324 33 865 495 831 301 730 719 680 911 806 210 973 167 286 724 168
4.35096e+09 709 379 302 751 962 397 113 557 68 215 707 374 283 524 266 975 876 686 373 825
1.28265e+07 995 997 118 631 797 763 13 827 933 317 365 534 772 68 151 452 652 204 333 839
1.10352e+09 619 933 785 466 817 607 500 585 786 7 836 217 119 757 367 423 162 344 491 901
1.26405e+10 781 747 466 127 624 443 594 795 50 265 962 30 855 254 653 202 948 236 344 545
1.13077e+10 547 830 159 559 631 147 579 258 914 161 12 18 794 958 596 593 791 802 780 591
2.46240e+08 918 822 530 340 614 102 246 266 26 291 762 692 386 764 475 38 336 155 48 417
