10 20
1.65681e+11 29 82 11 38 64 73 5 85 57 14 13 72 40 60 26 3 66 75 24 65
3.72869e+12 67 76 75 98 24 99 32 82 20 33 51 88 66 8 48 18 90 29 56 38
1.18380e+11 71 29 94 48 4 88 67 97 19 16 3 49 53 39 56 15 13 43 99 70
1.69402e+14 76 44 25 27 69 14 41 35 74 50 49 86 20 42 82 70 71 40 26 29
3.84746e+11 38 7 36 47 8 69 72 17 35 74 91 21 94 2 3 22 40 66 71 68
1.46688e+13 5 97 90 31 61 41 80 18 75 36 7 78 8 53 40 26 30 43 73 20
2.02353e+11 43 83 1 27 13 3 2 15 74 42 60 11 86 75 55 10 14 80 89 45
3.25446e+15 83 54 2 24 81 47 66 87 92 37 51 97 19 39 41 75 5 93 86 12
4.32545e+13 34 32 63 30 11 61 78 75 53 12 20 2 17 58 13 99 9 83 29 28
2.09505e+12 48 14 53 43 20 27 91 11 2 22 61 81 67 52 68 17 37 31 89 56
