50 10
3.42427e+03 47 14 81 29 90 18 97 84 42 79
3.84403e+03 9 70 2 5 85 37 55 72 59 65
2.14077e+03 68 16 89 97 61 52 64 39 35 55
3.93191e+03 39 53 24 76 74 8 43 94 69 56
2.48250e+03 3 5 32 1 4 54 50 80 41 60
1.43423e+03 26 69 14 52 55 18 54 78 13 99
1.14644e+03 43 76 91 42 47 35 4 16 80 13
1.91020e+03 65 28 40 46 80 98 89 49 95 20
8.74200e+03 63 31 69 35 4 75 88 3 93 62
7.96250e+03 90 61 15 69 71 24 72 12 96 75
1.56600e+03 35 1 28 82 3 87 40 61 26 58
2.48310e+03 25 68 61 65 99 39 8 93 48 51
1.88430e+03 12 51 60 17 2 4 79 10 37 33
2.48785e+02 7 32 99 42 43 15 37 93 13 17
9.41375e+03 75 15 37 95 1 59 55 8 93 85
4.26250e+02 17 12 32 40 85 50 54 4 13 31
1.22545e+03 78 50 85 33 44 12 29 99 19 60
3.19843e+03 48 13 96 25 14 1 43 21 55 51
2.75520e+03 99 60 71 28 82 68 39 80 65 42
3.31038e+03 35 82 39 22 15 73 97 45 33 91
3.55320e+03 31 8 88 98 97 60 44 45 64 54
1.31333e+03 40 30 10 66 20 27 42 12 8 80
1.16325e+04 28 48 55 71 37 86 66 2 59 99
7.07070e+03 32 27 99 29 97 45 64 10 70 91
1.24367e+03 74 81 12 30 41 96 11 9 14 91
1.17661e+03 90 11 15 14 13 56 49 66 17 68
1.75659e+03 28 38 32 44 35 96 52 51 21 81
2.49336e+03 75 43 81 59 76 56 93 85 32 74
6.57653e+03 93 59 38 24 80 14 26 15 83 76
2.32742e+03 49 33 79 10 86 20 72 31 27 78
5.27461e+03 37 53 95 55 38 6 21 79 69 74
4.25281e+02 97 80 54 64 92 31 25 57 59 7
6.30244e+01 66 91 18 92 94 52 63 41 5 8
3.87099e+02 63 15 10 83 7 87 94 91 9 38
5.07138e+03 25 47 94 49 36 11 30 26 99 48
9.02423e+02 17 86 5 70 43 93 54 26 79 11
2.20918e+03 62 43 99 73 17 94 97 84 23 87
6.77500e+01 8 27 93 1 20 50 73 80 12 5
6.73312e+02 71 42 10 86 17 64 45 96 31 21
2.01275e+03 39 48 86 65 69 16 1 20 15 97
2.60475e+03 22 30 55 15 97 96 12 24 60 46
1.16000e+02 80 30 23 31 39 50 77 28 14 7
2.92429e+03 11 14 25 31 54 63 29 84 32 92
2.13541e+03 5 54 55 99 65 70 4 34 74 28
3.61852e+01 73 78 44 12 71 45 41 54 17 2
2.42468e+03 83 42 20 88 53 70 54 37 34 67
1.07497e+03 98 91 77 70 84 42 94 64 23 41
1.70593e+03 41 35 4 91 11 9 27 56 20 76
7.29238e+03 18 36 16 55 76 30 42 50 87 83
2.19500e+02 65 3 15 75 46 6 29 80 54 4
